1.2221
1.0799
1.1143
1.3312
1.0953
1.0847
1.3060
1.3517
1.3981
0.9120
1.0172
1.4258
0.9202
1.3719
1.0533
1.1962
0.9930
1.1682
0.7768
1.1316
1.3270
1.5307
1.2756
1.2646
1.1316
1.0021
1.1924
1.0295
1.5378
1.0295
1.0192
1.0572
1.1325
1.1905
1.5624
1.2562
0.9757
1.1671
1.2643
1.0902
0.9624
0.9777
1.1724
1.2059
1.3161
1.3171
1.0999
0.8777
1.1201
1.0349
0.9600
1.4146
0.9979
1.0002
1.0811
1.2208
1.1263
0.8582
1.0805
1.1405
1.0082
1.1800
1.1629
1.2091
1.3065
1.1147
1.0717
1.0902
1.1266
1.0237
1.3265
1.2447
1.3768
1.1355
1.0333
1.0698
1.3451
1.3851
1.4184
1.0411
0.8662
1.3887
0.9690
1.1252
1.3638
1.1747
1.1110
1.1721
1.1680
1.0149
0.9480
1.3266
0.8961
1.0457
1.1696
1.1549
1.1684
1.2744
1.2020
1.2100
1.1605
1.0393
1.0785
0.9441
1.5169
